##TITLE= Parameter file, TopSpin 3.6.5
##JCAMPDX= 5.0
##DATATYPE= Parameter Values
##NPOINTS= 1	$$ modification sequence number
##ORIGIN= Bruker BioSpin GmbH
##OWNER= nmrsu
$$ 2025-04-29 12:27:34.774 +0200  nmrsu@BRUKER
$$ Y:/iconnmr/Alfred/CA8391/4/pdata/1/clevels
$$ process C:\Bruker\TopSpin3.6.5\prog\mod\dirdata.exe
##$LEVELS= (0..255)
-853276.984457735 -350545.879952661 -144012.338537267 -59163.5926623161
-24305.7694379892 -9985.37109375 9985.37109375 24305.7694379892 59163.5926623161
144012.338537267 350545.879952661 853276.984457735 0 0 0 0 0 0 0 0 0 0
0 0 0 0 0 0 0 0 0 0 0 0 0 0 0 0 0 0 0 0 0 0 0 0 0 0 0 0 0 0 0 0 0 0 0 0
0 0 0 0 0 0 0 0 0 0 0 0 0 0 0 0 0 0 0 0 0 0 0 0 0 0 0 0 0 0 0 0 0 0 0 0
0 0 0 0 0 0 0 0 0 0 0 0 0 0 0 0 0 0 0 0 0 0 0 0 0 0 0 0 0 0 0 0 0 0 0 0
0 0 0 0 0 0 0 0 0 0 0 0 0 0 0 0 0 0 0 0 0 0 0 0 0 0 0 0 0 0 0 0 0 0 0 0
0 0 0 0 0 0 0 0 0 0 0 0 0 0 0 0 0 0 0 0 0 0 0 0 0 0 0 0 0 0 0 0 0 0 0 0
0 0 0 0 0 0 0 0 0 0 0 0 0 0 0 0 0 0 0 0 0 0 0 0 0 0 0 0 0 0 0 0 0 0 0 0
0 0 0 0 0 0 0 0 0 0 0 0 0 0 0 0 0 0
##$LEVSIGN= 0
##$MAXLEV= 6
##$METHOD= 0
##$NEGBASE= -9985.37109375
##$NEGINCR= 2.43413782119751
##$POSBASE= 9985.37109375
##$POSINCR= 2.43413782119751
##END=
